"Away"  "Draw"  "Home"
"1"  0.15  0.16  0.7
"2"  0.22  0.31  0.47
"3"  0.51  0.21  0.28
"4"  0.12  0.34  0.55
"5"  0.21  0.07  0.71
"6"  0.08  0.41  0.52
"7"  0.74  0.06  0.2
"8"  0.29  0.23  0.48
"9"  0.41  0.31  0.29
"10"  0.35  0.14  0.51
"11"  0.15  0.48  0.37
"12"  0.44  0.25  0.31
"13"  0.32  0.13  0.55
"14"  0.7  0.13  0.18
"15"  0  0.19  0.81
"16"  0.26  0.31  0.43
"17"  0.36  0.32  0.32
"18"  0.61  0.29  0.1
"19"  0.55  0.36  0.09
"20"  0.3  0.31  0.39
"21"  0.54  0.29  0.18
"22"  0.47  0.31  0.22
"23"  0.16  0.49  0.35
"24"  0.5  0.1  0.39
"25"  0.34  0.31  0.35
"26"  0.3  0.15  0.55
"27"  0.28  0.34  0.37
"28"  0.81  0.06  0.12
"29"  0.12  0.12  0.76
"30"  0.11  0.28  0.61
"31"  0.62  0.09  0.29
"32"  0.04  0.35  0.61
"33"  0.53  0.21  0.27
"34"  0.38  0.32  0.29
"35"  0.3  0.37  0.34
"36"  0  0.23  0.77
"37"  0.5  0.23  0.27
"38"  0.29  0.54  0.18
"39"  0.74  0.19  0.07
"40"  0.6  0.26  0.14
"41"  0.53  0.14  0.33
"42"  0.5  0.32  0.18
"43"  0.38  0.26  0.36
"44"  0.31  0.38  0.31
"45"  0.36  0.49  0.14
"46"  0.07  0.41  0.52
"47"  0.86  0.07  0.07
"48"  0.79  0.15  0.06
"49"  0.16  0.1  0.74
"50"  0.15  0.48  0.38
"51"  0.19  0.17  0.65
"52"  0.28  0.27  0.45
"53"  0.18  0.33  0.49
"54"  0.15  0.15  0.7
"55"  0  0.23  0.77
"56"  0.62  0.21  0.17
"57"  0.13  0.12  0.75
"58"  0.45  0.26  0.3
"59"  0.29  0.41  0.3
"60"  0.62  0.11  0.27
"61"  0.4  0.46  0.14
"62"  0.91  0.05  0.04
"63"  0.21  0.13  0.66
"64"  0.1  0.45  0.45
"65"  0.29  0.38  0.32
"66"  0.68  0.24  0.08
"67"  0.14  0.32  0.53
"68"  0.18  0.33  0.49
"69"  0.26  0.18  0.55
"70"  0.37  0.24  0.39
"71"  0.43  0.28  0.29
"72"  0.58  0.23  0.18
"73"  0.45  0.13  0.42
"74"  0  0.27  0.73
"75"  0.23  0.12  0.66
"76"  0.19  0.53  0.28
"77"  0.51  0.13  0.36
"78"  0.22  0.42  0.36
"79"  0.08  0.37  0.56
"80"  0.63  0.25  0.12
"81"  0.42  0.42  0.16
"82"  0.86  0.09  0.04
"83"  0.57  0.22  0.21
"84"  0  0.2  0.8
"85"  0.25  0.19  0.55
"86"  0.37  0.25  0.38
"87"  0.83  0.1  0.07
"88"  0.14  0.14  0.71
"89"  0.75  0.15  0.09
"90"  0.22  0.18  0.6
"91"  0.16  0.33  0.51
"92"  0.12  0.41  0.47
"93"  0.25  0.53  0.22
"94"  0.41  0.22  0.38
"95"  0.41  0.33  0.25
"96"  0.92  0.02  0.05
"97"  0.15  0.17  0.68
"98"  0.38  0.41  0.21
"99"  0.12  0.57  0.3
"100"  0.15  0.4  0.46
"101"  0.63  0.23  0.13
"102"  0.34  0.24  0.42
"103"  0.26  0.18  0.56
"104"  0.35  0.27  0.38
"105"  0.55  0.26  0.19
"106"  0.23  0.21  0.56
"107"  0.43  0.13  0.44
"108"  0  0.18  0.82
"109"  0.5  0.24  0.26
"110"  0.13  0.14  0.73
"111"  0.37  0.37  0.26
"112"  0.43  0.14  0.43
"113"  0.08  0.3  0.62
"114"  0.2  0.15  0.65
"115"  0.24  0.44  0.32
"116"  0.17  0.39  0.44
"117"  0.3  0.42  0.27
"118"  0.57  0.24  0.19
"119"  0.74  0.15  0.11
"120"  0.28  0.26  0.46
"121"  0.24  0.19  0.57
"122"  0.63  0.22  0.15
"123"  0.24  0.17  0.59
"124"  0.45  0.25  0.3
"125"  0  0.18  0.82
"126"  0.51  0.29  0.2
"127"  0.74  0.12  0.14
"128"  0.28  0.46  0.26
"129"  0.77  0.05  0.19
"130"  0.09  0.38  0.53
"131"  0.23  0.19  0.57
"132"  0.73  0.16  0.12
"133"  0.08  0.36  0.56
"134"  0.07  0.39  0.54
"135"  0.41  0.11  0.48
"136"  0.3  0.26  0.44
"137"  0.3  0.47  0.23
"138"  0.41  0.18  0.41
"139"  0.22  0.32  0.46
"140"  0.48  0.2  0.32
"141"  0.27  0.28  0.46
"142"  0.47  0.3  0.23
"143"  0  0.16  0.84
"144"  0.13  0.19  0.68
"145"  0.87  0.08  0.05
"146"  0.51  0.3  0.19
"147"  0.69  0.17  0.14
"148"  0.43  0.17  0.4
"149"  0.08  0.3  0.62
"150"  0.75  0.06  0.18
"151"  0.04  0.3  0.66
"152"  0.31  0.46  0.23
"153"  0.25  0.16  0.59
"154"  0.69  0.16  0.14
"155"  0.11  0.41  0.48
"156"  0.43  0.23  0.34
"157"  0.72  0.05  0.23
"158"  0.18  0.3  0.52
"159"  0.32  0.28  0.4
"160"  0.6  0.29  0.11
"161"  0.63  0.22  0.15
"162"  0.2  0.44  0.36
"163"  0  0.19  0.81
"164"  0.43  0.18  0.38
"165"  0.72  0.16  0.12
"166"  0.18  0.2  0.62
"167"  0.95  0.03  0.02
"168"  0.3  0.22  0.48
"169"  0.06  0.31  0.62
"170"  0.08  0.31  0.61
"171"  0.45  0.21  0.34
"172"  0.18  0.2  0.61
"173"  0.04  0.35  0.6
"174"  0.19  0.12  0.69
"175"  0.21  0.38  0.41
"176"  0.33  0.11  0.56
"177"  0.27  0.55  0.18
"178"  0.54  0.21  0.25
"179"  0.45  0.19  0.36
"180"  0.28  0.34  0.38
"181"  0  0.15  0.85
"182"  0.57  0.26  0.17
"183"  0.79  0.13  0.08
"184"  0.77  0.11  0.12
"185"  0.24  0.11  0.66
"186"  0.13  0.15  0.72
"187"  0.15  0.19  0.66
"188"  0.06  0.28  0.66
"189"  0.08  0.32  0.6
"190"  0.79  0.1  0.12
"191"  0.27  0.24  0.48
"192"  0.66  0.17  0.17
"193"  0  0.16  0.84
"194"  0.17  0.59  0.24
"195"  0.4  0.45  0.16
"196"  0.43  0.33  0.23
"197"  0.14  0.44  0.42
"198"  0.16  0.33  0.51
"199"  0.69  0.14  0.17
"200"  0.08  0.36  0.56
"201"  0.39  0.34  0.27
"202"  0.39  0.3  0.31
"203"  0.09  0.57  0.33
"204"  0.43  0.2  0.37
"205"  0.63  0.2  0.18
"206"  0.66  0.16  0.18
"207"  0.45  0.1  0.45
"208"  0.66  0.26  0.08
"209"  0.74  0.11  0.15
"210"  0.47  0.19  0.34
"211"  0.09  0.42  0.48
"212"  0.47  0.38  0.15
"213"  0.76  0.13  0.11
"214"  0.2  0.27  0.54
"215"  0.15  0.36  0.48
"216"  0.43  0.42  0.15
"217"  0.12  0.37  0.52
"218"  0.17  0.4  0.43
"219"  0  0.19  0.81
"220"  0.52  0.29  0.2
"221"  0.68  0.17  0.15
"222"  0.55  0.16  0.29
"223"  0.66  0.13  0.2
"224"  0.36  0.33  0.31
"225"  0.85  0.02  0.12
"226"  0.18  0.5  0.33
"227"  0.35  0.38  0.26
"228"  0.38  0.51  0.11
"229"  0.28  0.51  0.21
"230"  0.78  0.12  0.09
"231"  0.09  0.37  0.54
"232"  0  0.27  0.73
"233"  0.07  0.55  0.38
"234"  0.26  0.16  0.58
"235"  0.15  0.39  0.46
"236"  0.66  0.22  0.12
"237"  0.26  0.2  0.54
"238"  0.35  0.53  0.12
"239"  0.21  0.26  0.53
"240"  0.81  0.12  0.07
"241"  0.34  0.35  0.32
"242"  0.79  0.03  0.18
"243"  0.24  0.3  0.46
"244"  0.54  0.16  0.3
"245"  0.49  0.29  0.21
"246"  0.44  0.19  0.37
"247"  0.48  0.33  0.19
"248"  0.3  0.37  0.32
"249"  0.53  0.23  0.23
"250"  0.07  0.35  0.58
"251"  0.32  0.41  0.27
"252"  0.09  0.48  0.42
"253"  0.75  0.04  0.21
"254"  0.25  0.37  0.38
"255"  0.27  0.19  0.54
"256"  0  0.27  0.73
"257"  0.23  0.12  0.65
"258"  0.57  0.06  0.38
"259"  0.47  0.42  0.11
"260"  0.45  0.14  0.41
"261"  0.23  0.29  0.47
"262"  0.57  0.21  0.22
"263"  0.28  0.19  0.53
"264"  0.28  0.45  0.27
"265"  0.23  0.26  0.51
"266"  0.12  0.46  0.42
"267"  0.27  0.43  0.29
"268"  0.83  0.11  0.06
"269"  0.23  0.11  0.66
"270"  0.07  0.29  0.64
"271"  0.17  0.17  0.66
"272"  0.12  0.17  0.7
"273"  0.51  0.25  0.23
"274"  0.31  0.35  0.34
"275"  0.32  0.16  0.52
"276"  0.3  0.29  0.41
"277"  0.36  0.43  0.2
"278"  0.44  0.07  0.48
"279"  0  0.22  0.78
"280"  0.59  0.22  0.19
"281"  0.66  0.26  0.08
"282"  0.26  0.12  0.62
"283"  0.18  0.29  0.53
"284"  0.15  0.19  0.66
"285"  0.17  0.17  0.66
"286"  0.07  0.28  0.64
"287"  0.2  0.1  0.69
"288"  0.38  0.21  0.41
"289"  0.44  0.33  0.22
"290"  0.46  0.23  0.31
"291"  0.28  0.16  0.56
"292"  0.18  0.32  0.5
"293"  0.26  0.45  0.29
"294"  0.84  0.1  0.06
"295"  0.35  0.34  0.31
"296"  0.38  0.43  0.19
"297"  0.5  0.12  0.38
"298"  0.66  0.21  0.14
"299"  0.41  0.07  0.52
"300"  0  0.21  0.79
"301"  0.23  0.48  0.28
"302"  0.24  0.18  0.58
"303"  0.06  0.33  0.61
"304"  0.39  0.35  0.26
"305"  0.44  0.19  0.36
"306"  0.39  0.24  0.37
"307"  0.59  0.12  0.28
"308"  0.22  0.18  0.6
"309"  0.17  0.34  0.49
"310"  0.73  0.04  0.22
"311"  0.58  0.23  0.19
"312"  0.36  0.34  0.3
"313"  0.25  0.29  0.46
"314"  0.33  0.16  0.51
"315"  0.43  0.25  0.31
"316"  0.47  0.33  0.2
"317"  0.22  0.09  0.69
"318"  0  0.17  0.83
"319"  0.57  0.12  0.31
"320"  0.59  0.26  0.16
"321"  0.15  0.19  0.66
"322"  0.19  0.2  0.62
"323"  0.12  0.52  0.36
"324"  0.48  0.18  0.34
"325"  0.27  0.32  0.41
"326"  0.42  0.22  0.36
"327"  0.49  0.06  0.45
"328"  0.2  0.51  0.29
"329"  0.36  0.33  0.31
"330"  0.4  0.28  0.32
"331"  0.54  0.24  0.21
"332"  0.24  0.13  0.63
"333"  0.14  0.08  0.78
"334"  0.42  0.38  0.2
"335"  0  0.14  0.86
"336"  0.09  0.3  0.61
"337"  0.08  0.15  0.76
"338"  0.47  0.15  0.38
"339"  0.59  0.17  0.24
"340"  0.47  0.2  0.33
"341"  0.46  0.32  0.22
"342"  0.49  0.05  0.45
"343"  0.85  0.06  0.09
"344"  0.06  0.3  0.63
"345"  0.27  0.24  0.49
"346"  0.35  0.16  0.49
"347"  0.27  0.19  0.54
"348"  0.26  0.24  0.51
"349"  0.42  0.22  0.36
"350"  0.61  0.06  0.33
"351"  0.75  0.12  0.13
"352"  0.27  0.24  0.49
"353"  0.91  0.06  0.03
"354"  0.32  0.15  0.53
"355"  0.18  0.38  0.44
"356"  0.1  0.07  0.83
"357"  0.1  0.35  0.55
"358"  0.2  0.42  0.38
"359"  0  0.18  0.82
"360"  0.6  0.17  0.23
"361"  0.15  0.28  0.58
"362"  0.27  0.24  0.49
"363"  0.2  0.35  0.45
"364"  0.85  0.06  0.09
"365"  0.28  0.15  0.57
"366"  0.6  0.16  0.24
"367"  0.78  0.16  0.07
"368"  0.53  0.19  0.27
"369"  0.54  0.21  0.25
"370"  0.11  0.21  0.68
"371"  0.5  0.11  0.39
"372"  0.04  0.27  0.69
"373"  0.18  0.09  0.73
"374"  0.26  0.41  0.33
"375"  0.61  0.17  0.21
"376"  0.16  0.15  0.7
"377"  0.09  0.37  0.54
"378"  0.06  0.35  0.58
"379"  0.38  0.29  0.33
"380"  0  0.16  0.84
"381"  0.6  0.06  0.34
"382"  0.27  0.26  0.47
"383"  0.4  0.22  0.38
"384"  0.08  0.14  0.78
"385"  0.52  0.2  0.27
"386"  0.79  0.14  0.06
"387"  0.72  0.13  0.14
"388"  0.61  0.17  0.22
"389"  0.35  0.14  0.51
"390"  0.74  0.12  0.14
"391"  0.08  0.08  0.84
"392"  0.13  0.4  0.46
"393"  0.2  0.31  0.5
"394"  0  0.16  0.84
"395"  0.11  0.32  0.58
"396"  0.17  0.35  0.48
"397"  0.38  0.26  0.36
"398"  0.16  0.14  0.71
"399"  0.48  0.28  0.24
"400"  0.41  0.14  0.46
"401"  0.47  0.13  0.4
"402"  0.55  0.17  0.28
"403"  0.24  0.23  0.53
"404"  0.12  0.36  0.52
"405"  0  0.25  0.75
"406"  0.28  0.27  0.44
"407"  0.51  0.09  0.4
"408"  0.53  0.08  0.39
"409"  0.53  0.19  0.28
"410"  0.1  0.26  0.63
"411"  0.09  0.33  0.58
"412"  0.52  0.18  0.29
"413"  0.95  0.03  0.03
"414"  0.16  0.12  0.72
"415"  0.09  0.12  0.79
"416"  0.15  0.34  0.51
"417"  0.27  0.39  0.34
"418"  0.74  0.05  0.21
"419"  0  0.22  0.78
"420"  0.09  0.39  0.52
"421"  0.73  0.14  0.13
"422"  0.62  0.17  0.21
"423"  0.65  0.21  0.14
"424"  0.28  0.13  0.59
"425"  0.64  0.16  0.2
"426"  0.17  0.18  0.65
"427"  0.07  0.12  0.81
"428"  0.27  0.09  0.64
"429"  0.13  0.33  0.54
"430"  0.52  0.2  0.28
"431"  0.35  0.21  0.43
"432"  0.48  0.19  0.33
"433"  0.18  0.13  0.69
"434"  0.22  0.46  0.32
"435"  0.08  0.32  0.61
"436"  0.46  0.07  0.47
"437"  0  0.22  0.78
"438"  0.15  0.41  0.45
"439"  0.79  0.1  0.11
"440"  0.45  0.23  0.32
"441"  0.45  0.35  0.2
"442"  0.54  0.24  0.23
"443"  0.34  0.3  0.36
"444"  0.62  0.09  0.29
"445"  0.14  0.27  0.59
"446"  0.53  0.21  0.26
"447"  0.26  0.13  0.61
"448"  0.13  0.13  0.74
"449"  0.13  0.37  0.5
"450"  0.27  0.23  0.5
"451"  0.1  0.11  0.79
"452"  0.19  0.1  0.71
"453"  0.58  0.22  0.21
"454"  0.33  0.07  0.6
"455"  0.08  0.33  0.59
"456"  0  0.2  0.8
"457"  0.26  0.1  0.64
"458"  0.43  0.1  0.47
"459"  0.32  0.41  0.27
"460"  0.62  0.16  0.22
"461"  0.28  0.22  0.5
"462"  0.08  0.4  0.52
"463"  0.33  0.17  0.51
"464"  0.27  0.33  0.4
"465"  0.81  0.07  0.12
"466"  0.28  0.12  0.6
"467"  0.09  0.27  0.63
"468"  0.1  0.13  0.77
